n_clusters = [400, 1000, 40000];